# Single SKU Max Power Table
# | CCK 1 ~ 11 | |      OFDM 6 ~ 54   | |              HT20 MCS 0 ~ 15                | |               HT40 MCS 0 ~ 15                |
ch1 20 20 20 20 15 15 15 15 15 15 15 15 14 14 14 14 14 14 14 14 14 14 14 14 14 14 14 14
ch2 19 19 19 19 15 15 15 15 15 15 15 15 14 14 14 14 14 14 14 14 14 14 14 14 14 14 14 14
ch3 19 19 19 19 15 15 15 15 15 15 15 15 14 14 14 14 14 14 14 14 14 14 14 14 14 14 14 14 11 11 11 11 11 11 11 11 11 11 11 11 11 11 11 11
ch4 19 19 19 19 15 15 15 15 15 15 15 15 14 14 14 14 14 14 14 14 14 14 14 14 14 14 14 14 11 11 11 11 11 11 11 11 11 11 11 11 11 11 11 11
ch5 19 19 19 19 15 15 15 15 15 15 15 15 14 14 14 14 14 14 14 14 14 14 14 14 14 14 14 14 11 11 11 11 11 11 11 11 11 11 11 11 11 11 11 11 
ch6 19 19 19 19 20 20 20 20 20 20 18 18 20 20 20 20 20 18 18 18 20 20 20 20 20 18 18 18 16 16 16 16 16 16 16 16 16 16 16 16 16 16 16 16
ch7 19 19 19 19 15 15 15 15 15 15 15 15 14 14 14 14 14 14 14 14 14 14 14 14 14 14 14 14 12 12 12 12 12 12 12 12 12 12 12 12 12 12 12 12
ch8 19 19 19 19 15 15 15 15 15 15 15 15 14 14 14 14 14 14 14 14 14 14 14 14 14 14 14 14 12 12 12 12 12 12 12 12 12 12 12 12 12 12 12 12
ch9 19 19 19 19 15 15 15 15 15 15 15 15 14 14 14 14 14 14 14 14 14 14 14 14 14 14 14 14 12 12 12 12 12 12 12 12 12 12 12 12 12 12 12 12
ch10 19 19 19 19 15 15 15 15 15 15 15 15 14 14 14 14 14 14 14 14 14 14 14 14 14 14 14 14 12 12 12 12 12 12 12 12 12 12 12 12 12 12 12 12
ch11 19 19 19 19 15 15 15 15 15 15 15 15 14 14 14 14 14 14 14 14 14 14 14 14 14 14 14 14 12 12 12 12 12 12 12 12 12 12 12 12 12 12 12 12
ch12 19 19 19 19 15 15 15 15 15 15 15 15 14 14 14 14 14 14 14 14 14 14 14 14 14 14 14 14
ch13 19 19 19 19 15 15 15 15 15 15 15 15 14 14 14 14 14 14 14 14 14 14 14 14 14 14 14 14
ch14 19 19 19 19

# End of Single SKU Table